0.000000000000000000e+00
3.764775269790666812e+01
3.935315817299822072e+01
3.923541212560083125e+01
3.876191444116969365e+01
3.878476574000438148e+01
3.931077724346506841e+01
3.995279700783171961e+01
4.279869039327467561e+01
5.148847932631187518e+01
7.062445825953329859e+01
9.771416897554030356e+01
1.258375476446831556e+02
1.417997462014403425e+02
1.422698545946057038e+02
1.321484595731008937e+02
1.197223212939124011e+02
1.071625674170983302e+02
9.574236946712753138e+01
8.347548375724537095e+01
7.038835073323730285e+01
5.671420922867485359e+01
4.340440181450939860e+01
3.383463058517673261e+01
2.266671440833712126e+01
1.427523505639748436e+01
6.643917977607777914e+00
-1.006963904598976001e+00
-7.233557515255824910e+00
-1.242576498422919684e+01
-1.635770072621723159e+01
-1.705690141332370047e+01
-1.815178282256290032e+01
-1.933365517258977206e+01
-1.937326970812832627e+01
-1.990205894198597747e+01
-1.997554474784677581e+01
-1.914838108747605361e+01
-1.849212984758784728e+01
-1.918859754879490254e+01
-1.842861682043096749e+01
-1.812372588456484834e+01
-1.790488233345802627e+01
-1.604420270029616802e+01
-1.472538063688497800e+01
-1.280028636352199811e+01
-1.165290583566795135e+01
-1.032631048975144950e+01
-9.233513021083723515e+00
-8.001566832110775351e+00
-5.408494402838798010e+00
-5.393738171416998739e+00
-3.723257523766825727e+00
-1.981188966574524812e+00
-1.361779538085272634e+00
-6.271850452683978006e-01
9.040686753208291293e-01
2.367284950710747182e+00
3.818832985360849364e+00
4.841390242830300394e+00
7.175188280848523448e+00
8.565366870070022287e+00
9.827119161752499110e+00
9.705416461955099550e+00
1.119008364789092269e+01
1.149820872538175109e+01
1.288348930246359814e+01
1.296751925784629833e+01
1.310112722025792564e+01
1.349698291309222498e+01
1.460148099616469963e+01
1.430017520110505025e+01
1.588804009139882467e+01
1.687809743181760069e+01
1.641201493802209654e+01
1.711336198440229595e+01
1.811439589168524833e+01
1.835627471350639439e+01
1.925727678111085339e+01
2.013795555920420810e+01
2.069690083160057981e+01
2.089441103436335823e+01
2.086559723649117259e+01
2.126790748233816686e+01
2.223626144388278902e+01
2.274766477494516792e+01
2.324977736108730042e+01
2.502917240431106904e+01
2.537238677994518810e+01
2.604109633321399642e+01
2.722680408350133163e+01
2.776346313463895044e+01
2.789330814782659118e+01
2.911622124694007141e+01
2.901464979278591727e+01
2.904972590826465151e+01
2.975481197042646997e+01
